{
 "cells": [
  {
   "cell_type": "markdown",
   "metadata": {},
   "source": [
    "## Strategy Idea 2 : \"Comovement - pairs trading\"\n",
    "\n",
    "__Section 0: Setup__ Importing packages/reading in data etc.\n",
    "\n",
    "__Section 1 : Idea__ \n",
    "\n",
    "- __1.1__ Strategy idea\n",
    "\n",
    "- __1.2__ Origin of idea. Context/Reasoning for strategy to work e.g. use in financial markets?\n",
    "\n",
    "__Section 2 : Exploration__\n",
    "\n",
    "- __2.1__ Exploratory Data Analysis. e.g plots of price/volumes that could show strategy working, how much potential.\n",
    "\n",
    "- __2.2__ Define some 'strategy metrics'. Metrics that can can you use to gauge if this strategy will work i.e no.price points above a certain threshold that is profitable. Metrics could show how often there is an opportunity to make a trade and how much 'value' is in an opportunity e.g. how much is there a price swing?\n",
    "\n",
    "\n",
    "__Section 3 : Strategy testing__\n",
    "\n",
    "- __3.1__ Testing strategy on previous data. \n",
    "\n",
    "- __3.2__ State any assumptions made by testing.\n",
    "\n",
    "- __3.3__ Model refinements. How could strategy be optimised? Careful : is this backfitting/overfitting - what measures taken to negate this e.g. bootstrapping?\n",
    "\n",
    "- __3.4__ Assessing strategy. P/L on data sample? ROI? variance in results? longest losing run?\n",
    "\n",
    "__Section 4 : Practical requirements__\n",
    "\n",
    "- __4.1__ Identify if this edge is ‘realisable’? What methods will you apply to extract this value? e.g. applying a hedge function\n",
    "\n",
    "\n",
    "- __4.2__ Is it possible to quantify the potential profit from the strategy? Consideration : How long will it take to obtain this? How 'risky' is it? e.g. if something did go wrong, how much do we lose? \n",
    "\n",
    "- __4.3__ Strategy limitations. The factors that could prevent strategy working e.g. practical considerations e.g. reacting quick enough to market updates, volume behind a price, size of bankroll needed\n",
    "\n",
    "\n",
    "__Section 5: Potential limitations__\n",
    "\n",
    "- __5.1__ What is our 'competition' - if not quantifiable, do we suspect people are doing the same thing? \n",
    "\n",
    "- __5.2__ So what's our edge? Identify ways of finding this edge in future? e.g what features are there? Are they predictive? Is there a certain 'market/runner' profile?\n",
    "\n",
    "\n",
    "\n"
   ]
  },
  {
   "cell_type": "markdown",
   "metadata": {},
   "source": [
    "### Section 0 : Setup"
   ]
  },
  {
   "cell_type": "code",
   "execution_count": 5,
   "metadata": {},
   "outputs": [],
   "source": [
    "# importing packages\n",
    "from pathlib import Path, PurePath \n",
    "\n",
    "import pandas as pd\n",
    "import numpy as np\n",
    "\n",
    "import matplotlib.pyplot as plt\n",
    "import seaborn as sns\n",
    "\n",
    "import utils"
   ]
  },
  {
   "cell_type": "code",
   "execution_count": 6,
   "metadata": {},
   "outputs": [
    {
     "name": "stdout",
     "output_type": "stream",
     "text": [
      "(13073, 307)\n"
     ]
    },
    {
     "data": {
      "text/html": [
       "<div>\n",
       "<style scoped>\n",
       "    .dataframe tbody tr th:only-of-type {\n",
       "        vertical-align: middle;\n",
       "    }\n",
       "\n",
       "    .dataframe tbody tr th {\n",
       "        vertical-align: top;\n",
       "    }\n",
       "\n",
       "    .dataframe thead th {\n",
       "        text-align: right;\n",
       "    }\n",
       "</style>\n",
       "<table border=\"1\" class=\"dataframe\">\n",
       "  <thead>\n",
       "    <tr style=\"text-align: right;\">\n",
       "      <th></th>\n",
       "      <th>SelectionId</th>\n",
       "      <th>MarketId</th>\n",
       "      <th>Venue</th>\n",
       "      <th>Distance</th>\n",
       "      <th>RaceType</th>\n",
       "      <th>BSP</th>\n",
       "      <th>NoRunners</th>\n",
       "      <th>BS:T-60</th>\n",
       "      <th>BS:T-59</th>\n",
       "      <th>BS:T-58</th>\n",
       "      <th>...</th>\n",
       "      <th>LS:T+5</th>\n",
       "      <th>LS:T+6</th>\n",
       "      <th>LS:T+7</th>\n",
       "      <th>LS:T+8</th>\n",
       "      <th>LS:T+9</th>\n",
       "      <th>LS:T+10</th>\n",
       "      <th>LS:T+11</th>\n",
       "      <th>LS:T+12</th>\n",
       "      <th>LS:T+13</th>\n",
       "      <th>LS:T+14</th>\n",
       "    </tr>\n",
       "  </thead>\n",
       "  <tbody>\n",
       "    <tr>\n",
       "      <th>0</th>\n",
       "      <td>11986132</td>\n",
       "      <td>1.169028</td>\n",
       "      <td>Huntingdon</td>\n",
       "      <td>20.0</td>\n",
       "      <td>Chase</td>\n",
       "      <td>8.33</td>\n",
       "      <td>9</td>\n",
       "      <td>16.43</td>\n",
       "      <td>24.51</td>\n",
       "      <td>26.57</td>\n",
       "      <td>...</td>\n",
       "      <td>10.08</td>\n",
       "      <td>11.15</td>\n",
       "      <td>5.44</td>\n",
       "      <td>7.09</td>\n",
       "      <td>14.16</td>\n",
       "      <td>19.53</td>\n",
       "      <td>3.12</td>\n",
       "      <td>3.31</td>\n",
       "      <td>0.68</td>\n",
       "      <td>0.68</td>\n",
       "    </tr>\n",
       "    <tr>\n",
       "      <th>1</th>\n",
       "      <td>16800725</td>\n",
       "      <td>1.169028</td>\n",
       "      <td>Huntingdon</td>\n",
       "      <td>20.0</td>\n",
       "      <td>Chase</td>\n",
       "      <td>3.68</td>\n",
       "      <td>9</td>\n",
       "      <td>15.43</td>\n",
       "      <td>25.74</td>\n",
       "      <td>57.82</td>\n",
       "      <td>...</td>\n",
       "      <td>29.87</td>\n",
       "      <td>221.22</td>\n",
       "      <td>43.23</td>\n",
       "      <td>43.10</td>\n",
       "      <td>13.53</td>\n",
       "      <td>26.15</td>\n",
       "      <td>13.60</td>\n",
       "      <td>74.30</td>\n",
       "      <td>419.52</td>\n",
       "      <td>23082.10</td>\n",
       "    </tr>\n",
       "    <tr>\n",
       "      <th>2</th>\n",
       "      <td>20968322</td>\n",
       "      <td>1.169028</td>\n",
       "      <td>Huntingdon</td>\n",
       "      <td>20.0</td>\n",
       "      <td>Chase</td>\n",
       "      <td>14.96</td>\n",
       "      <td>9</td>\n",
       "      <td>9.87</td>\n",
       "      <td>9.25</td>\n",
       "      <td>9.15</td>\n",
       "      <td>...</td>\n",
       "      <td>37.32</td>\n",
       "      <td>6.83</td>\n",
       "      <td>4.85</td>\n",
       "      <td>11.23</td>\n",
       "      <td>16.00</td>\n",
       "      <td>5.68</td>\n",
       "      <td>40.25</td>\n",
       "      <td>12.51</td>\n",
       "      <td>10.42</td>\n",
       "      <td>13.17</td>\n",
       "    </tr>\n",
       "    <tr>\n",
       "      <th>3</th>\n",
       "      <td>22023486</td>\n",
       "      <td>1.169028</td>\n",
       "      <td>Huntingdon</td>\n",
       "      <td>20.0</td>\n",
       "      <td>Chase</td>\n",
       "      <td>4.25</td>\n",
       "      <td>9</td>\n",
       "      <td>84.38</td>\n",
       "      <td>64.49</td>\n",
       "      <td>58.01</td>\n",
       "      <td>...</td>\n",
       "      <td>11.67</td>\n",
       "      <td>2.02</td>\n",
       "      <td>2.02</td>\n",
       "      <td>2.02</td>\n",
       "      <td>2.02</td>\n",
       "      <td>2.02</td>\n",
       "      <td>2.02</td>\n",
       "      <td>2.02</td>\n",
       "      <td>2.02</td>\n",
       "      <td>2.02</td>\n",
       "    </tr>\n",
       "    <tr>\n",
       "      <th>4</th>\n",
       "      <td>24496216</td>\n",
       "      <td>1.169028</td>\n",
       "      <td>Huntingdon</td>\n",
       "      <td>20.0</td>\n",
       "      <td>Chase</td>\n",
       "      <td>6.60</td>\n",
       "      <td>9</td>\n",
       "      <td>10.64</td>\n",
       "      <td>10.11</td>\n",
       "      <td>7.91</td>\n",
       "      <td>...</td>\n",
       "      <td>34.27</td>\n",
       "      <td>54.72</td>\n",
       "      <td>11.85</td>\n",
       "      <td>17.99</td>\n",
       "      <td>48.21</td>\n",
       "      <td>17.28</td>\n",
       "      <td>38.29</td>\n",
       "      <td>6.96</td>\n",
       "      <td>4.37</td>\n",
       "      <td>4.37</td>\n",
       "    </tr>\n",
       "  </tbody>\n",
       "</table>\n",
       "<p>5 rows × 307 columns</p>\n",
       "</div>"
      ],
      "text/plain": [
       "   SelectionId  MarketId       Venue  Distance RaceType    BSP  NoRunners  \\\n",
       "0     11986132  1.169028  Huntingdon      20.0    Chase   8.33          9   \n",
       "1     16800725  1.169028  Huntingdon      20.0    Chase   3.68          9   \n",
       "2     20968322  1.169028  Huntingdon      20.0    Chase  14.96          9   \n",
       "3     22023486  1.169028  Huntingdon      20.0    Chase   4.25          9   \n",
       "4     24496216  1.169028  Huntingdon      20.0    Chase   6.60          9   \n",
       "\n",
       "   BS:T-60  BS:T-59  BS:T-58  ...  LS:T+5  LS:T+6  LS:T+7  LS:T+8  LS:T+9  \\\n",
       "0    16.43    24.51    26.57  ...   10.08   11.15    5.44    7.09   14.16   \n",
       "1    15.43    25.74    57.82  ...   29.87  221.22   43.23   43.10   13.53   \n",
       "2     9.87     9.25     9.15  ...   37.32    6.83    4.85   11.23   16.00   \n",
       "3    84.38    64.49    58.01  ...   11.67    2.02    2.02    2.02    2.02   \n",
       "4    10.64    10.11     7.91  ...   34.27   54.72   11.85   17.99   48.21   \n",
       "\n",
       "   LS:T+10  LS:T+11  LS:T+12  LS:T+13   LS:T+14  \n",
       "0    19.53     3.12     3.31     0.68      0.68  \n",
       "1    26.15    13.60    74.30   419.52  23082.10  \n",
       "2     5.68    40.25    12.51    10.42     13.17  \n",
       "3     2.02     2.02     2.02     2.02      2.02  \n",
       "4    17.28    38.29     6.96     4.37      4.37  \n",
       "\n",
       "[5 rows x 307 columns]"
      ]
     },
     "execution_count": 6,
     "metadata": {},
     "output_type": "execute_result"
    }
   ],
   "source": [
    "# reading in data\n",
    "project_dir = Path.cwd().parents[2]\n",
    "data_dir = project_dir / 'data' / 'processed' / 'api' / 'advanced' / 'adv_data.csv'\n",
    "df = pd.read_csv(data_dir, index_col = 0)\n",
    "print(df.shape)\n",
    "df.head()"
   ]
  },
  {
   "cell_type": "markdown",
   "metadata": {},
   "source": [
    "### Section 1 : Idea\n",
    "\n",
    "__1.1 Idea__\n",
    "\n",
    "Prices in a market adjust such that the sum of the implied odds of all horses is approximately equal to one. If one horse's price drifts, another's or several other's should be backed in. \n",
    "\n",
    "One traditional strategy considering this price behaviour is 'pairs trading': *\"A pairs trade or pair trading is a market neutral trading strategy enabling traders to profit from virtually any market conditions: uptrend, downtrend, or sideways movement. This strategy is categorized as a statistical arbitrage and convergence trading strategy.\"*\n",
    "\n",
    "__1.2  Reasoning__\n",
    "\n",
    "Why is there an edge here?\n",
    "- ."
   ]
  },
  {
   "cell_type": "markdown",
   "metadata": {},
   "source": [
    "### Section 2 : Exploration\n",
    "\n",
    "__2.1__ Sample covariance\n",
    "\n",
    "To explore this phenomena, an example covariance matrix from a random sample race is taken below."
   ]
  },
  {
   "cell_type": "code",
   "execution_count": 7,
   "metadata": {},
   "outputs": [
    {
     "data": {
      "text/html": [
       "<div>\n",
       "<style scoped>\n",
       "    .dataframe tbody tr th:only-of-type {\n",
       "        vertical-align: middle;\n",
       "    }\n",
       "\n",
       "    .dataframe tbody tr th {\n",
       "        vertical-align: top;\n",
       "    }\n",
       "\n",
       "    .dataframe thead th {\n",
       "        text-align: right;\n",
       "    }\n",
       "</style>\n",
       "<table border=\"1\" class=\"dataframe\">\n",
       "  <thead>\n",
       "    <tr style=\"text-align: right;\">\n",
       "      <th></th>\n",
       "      <th>h11244806</th>\n",
       "      <th>h12090523</th>\n",
       "      <th>h12192145</th>\n",
       "      <th>h12845992</th>\n",
       "      <th>h13306150</th>\n",
       "      <th>h13957361</th>\n",
       "      <th>h18705419</th>\n",
       "      <th>h19450775</th>\n",
       "      <th>h5542918</th>\n",
       "      <th>h8487860</th>\n",
       "      <th>h8971553</th>\n",
       "    </tr>\n",
       "  </thead>\n",
       "  <tbody>\n",
       "    <tr>\n",
       "      <th>0</th>\n",
       "      <td>39.14</td>\n",
       "      <td>9.06</td>\n",
       "      <td>72.66</td>\n",
       "      <td>8.46</td>\n",
       "      <td>24.79</td>\n",
       "      <td>4.81</td>\n",
       "      <td>7.27</td>\n",
       "      <td>8.82</td>\n",
       "      <td>8.32</td>\n",
       "      <td>10.64</td>\n",
       "      <td>8.63</td>\n",
       "    </tr>\n",
       "    <tr>\n",
       "      <th>1</th>\n",
       "      <td>18.99</td>\n",
       "      <td>9.56</td>\n",
       "      <td>56.09</td>\n",
       "      <td>8.85</td>\n",
       "      <td>18.22</td>\n",
       "      <td>5.70</td>\n",
       "      <td>5.79</td>\n",
       "      <td>8.33</td>\n",
       "      <td>9.90</td>\n",
       "      <td>2.91</td>\n",
       "      <td>9.77</td>\n",
       "    </tr>\n",
       "    <tr>\n",
       "      <th>2</th>\n",
       "      <td>12.62</td>\n",
       "      <td>3.23</td>\n",
       "      <td>71.70</td>\n",
       "      <td>9.74</td>\n",
       "      <td>15.48</td>\n",
       "      <td>4.26</td>\n",
       "      <td>7.71</td>\n",
       "      <td>10.25</td>\n",
       "      <td>10.25</td>\n",
       "      <td>4.21</td>\n",
       "      <td>6.77</td>\n",
       "    </tr>\n",
       "    <tr>\n",
       "      <th>3</th>\n",
       "      <td>18.92</td>\n",
       "      <td>6.27</td>\n",
       "      <td>32.39</td>\n",
       "      <td>10.08</td>\n",
       "      <td>12.68</td>\n",
       "      <td>4.06</td>\n",
       "      <td>8.20</td>\n",
       "      <td>11.94</td>\n",
       "      <td>11.63</td>\n",
       "      <td>23.68</td>\n",
       "      <td>8.74</td>\n",
       "    </tr>\n",
       "    <tr>\n",
       "      <th>4</th>\n",
       "      <td>19.32</td>\n",
       "      <td>7.59</td>\n",
       "      <td>39.45</td>\n",
       "      <td>9.74</td>\n",
       "      <td>12.16</td>\n",
       "      <td>1.40</td>\n",
       "      <td>5.71</td>\n",
       "      <td>13.23</td>\n",
       "      <td>12.65</td>\n",
       "      <td>22.08</td>\n",
       "      <td>8.58</td>\n",
       "    </tr>\n",
       "  </tbody>\n",
       "</table>\n",
       "</div>"
      ],
      "text/plain": [
       "   h11244806  h12090523  h12192145  h12845992  h13306150  h13957361  \\\n",
       "0      39.14       9.06      72.66       8.46      24.79       4.81   \n",
       "1      18.99       9.56      56.09       8.85      18.22       5.70   \n",
       "2      12.62       3.23      71.70       9.74      15.48       4.26   \n",
       "3      18.92       6.27      32.39      10.08      12.68       4.06   \n",
       "4      19.32       7.59      39.45       9.74      12.16       1.40   \n",
       "\n",
       "   h18705419  h19450775  h5542918  h8487860  h8971553  \n",
       "0       7.27       8.82      8.32     10.64      8.63  \n",
       "1       5.79       8.33      9.90      2.91      9.77  \n",
       "2       7.71      10.25     10.25      4.21      6.77  \n",
       "3       8.20      11.94     11.63     23.68      8.74  \n",
       "4       5.71      13.23     12.65     22.08      8.58  "
      ]
     },
     "execution_count": 7,
     "metadata": {},
     "output_type": "execute_result"
    }
   ],
   "source": [
    "#transpose sample df\n",
    "sample_df = df[df['MarketId'] == df['MarketId'].sample(1).item()] \n",
    "\n",
    "transpose_df = sample_df.T.copy()\n",
    "transpose_df.columns = [\"h\" + str(column) for column in transpose_df.iloc[0]]\n",
    "transpose_df = transpose_df.iloc[7:]\n",
    "transpose_df.reset_index(drop=True, inplace=True)\n",
    "transpose_df = transpose_df.astype(float)\n",
    "\n",
    "transpose_df.head()"
   ]
  },
  {
   "cell_type": "code",
   "execution_count": 8,
   "metadata": {},
   "outputs": [
    {
     "data": {
      "text/html": [
       "<div>\n",
       "<style scoped>\n",
       "    .dataframe tbody tr th:only-of-type {\n",
       "        vertical-align: middle;\n",
       "    }\n",
       "\n",
       "    .dataframe tbody tr th {\n",
       "        vertical-align: top;\n",
       "    }\n",
       "\n",
       "    .dataframe thead th {\n",
       "        text-align: right;\n",
       "    }\n",
       "</style>\n",
       "<table border=\"1\" class=\"dataframe\">\n",
       "  <thead>\n",
       "    <tr style=\"text-align: right;\">\n",
       "      <th></th>\n",
       "      <th>h11244806</th>\n",
       "      <th>h12090523</th>\n",
       "      <th>h12192145</th>\n",
       "      <th>h12845992</th>\n",
       "      <th>h13306150</th>\n",
       "      <th>h13957361</th>\n",
       "      <th>h18705419</th>\n",
       "      <th>h19450775</th>\n",
       "      <th>h5542918</th>\n",
       "      <th>h8487860</th>\n",
       "      <th>h8971553</th>\n",
       "    </tr>\n",
       "  </thead>\n",
       "  <tbody>\n",
       "    <tr>\n",
       "      <th>h11244806</th>\n",
       "      <td>5057.596068</td>\n",
       "      <td>3042.614034</td>\n",
       "      <td>5220.206670</td>\n",
       "      <td>3978.791071</td>\n",
       "      <td>2982.875886</td>\n",
       "      <td>2305.755290</td>\n",
       "      <td>4389.948645</td>\n",
       "      <td>3687.103195</td>\n",
       "      <td>1968.640336</td>\n",
       "      <td>3787.984341</td>\n",
       "      <td>2457.141164</td>\n",
       "    </tr>\n",
       "    <tr>\n",
       "      <th>h12090523</th>\n",
       "      <td>3042.614034</td>\n",
       "      <td>18317.612660</td>\n",
       "      <td>-4326.686980</td>\n",
       "      <td>5618.978720</td>\n",
       "      <td>13682.432090</td>\n",
       "      <td>11435.612581</td>\n",
       "      <td>6782.301107</td>\n",
       "      <td>8997.058380</td>\n",
       "      <td>16847.349969</td>\n",
       "      <td>6883.382656</td>\n",
       "      <td>17789.712905</td>\n",
       "    </tr>\n",
       "    <tr>\n",
       "      <th>h12192145</th>\n",
       "      <td>5220.206670</td>\n",
       "      <td>-4326.686980</td>\n",
       "      <td>739633.152741</td>\n",
       "      <td>-2208.945746</td>\n",
       "      <td>-2202.694772</td>\n",
       "      <td>-11429.279037</td>\n",
       "      <td>119.705006</td>\n",
       "      <td>-4098.499676</td>\n",
       "      <td>-8684.285836</td>\n",
       "      <td>-2009.190510</td>\n",
       "      <td>-7529.805195</td>\n",
       "    </tr>\n",
       "    <tr>\n",
       "      <th>h12845992</th>\n",
       "      <td>3978.791071</td>\n",
       "      <td>5618.978720</td>\n",
       "      <td>-2208.945746</td>\n",
       "      <td>6235.580012</td>\n",
       "      <td>4539.205400</td>\n",
       "      <td>6826.755501</td>\n",
       "      <td>6305.753799</td>\n",
       "      <td>6572.609879</td>\n",
       "      <td>4745.586164</td>\n",
       "      <td>5965.035214</td>\n",
       "      <td>5660.239183</td>\n",
       "    </tr>\n",
       "    <tr>\n",
       "      <th>h13306150</th>\n",
       "      <td>2982.875886</td>\n",
       "      <td>13682.432090</td>\n",
       "      <td>-2202.694772</td>\n",
       "      <td>4539.205400</td>\n",
       "      <td>11952.527178</td>\n",
       "      <td>8948.579922</td>\n",
       "      <td>5554.804698</td>\n",
       "      <td>7239.828497</td>\n",
       "      <td>12531.551305</td>\n",
       "      <td>5547.805481</td>\n",
       "      <td>13455.474538</td>\n",
       "    </tr>\n",
       "    <tr>\n",
       "      <th>h13957361</th>\n",
       "      <td>2305.755290</td>\n",
       "      <td>11435.612581</td>\n",
       "      <td>-11429.279037</td>\n",
       "      <td>6826.755501</td>\n",
       "      <td>8948.579922</td>\n",
       "      <td>18090.650796</td>\n",
       "      <td>7995.929330</td>\n",
       "      <td>11692.748348</td>\n",
       "      <td>10867.699546</td>\n",
       "      <td>8774.623510</td>\n",
       "      <td>13134.742557</td>\n",
       "    </tr>\n",
       "    <tr>\n",
       "      <th>h18705419</th>\n",
       "      <td>4389.948645</td>\n",
       "      <td>6782.301107</td>\n",
       "      <td>119.705006</td>\n",
       "      <td>6305.753799</td>\n",
       "      <td>5554.804698</td>\n",
       "      <td>7995.929330</td>\n",
       "      <td>7338.642290</td>\n",
       "      <td>7965.358820</td>\n",
       "      <td>5352.951808</td>\n",
       "      <td>7002.657954</td>\n",
       "      <td>6553.675429</td>\n",
       "    </tr>\n",
       "    <tr>\n",
       "      <th>h19450775</th>\n",
       "      <td>3687.103195</td>\n",
       "      <td>8997.058380</td>\n",
       "      <td>-4098.499676</td>\n",
       "      <td>6572.609879</td>\n",
       "      <td>7239.828497</td>\n",
       "      <td>11692.748348</td>\n",
       "      <td>7965.358820</td>\n",
       "      <td>10151.350927</td>\n",
       "      <td>8028.595610</td>\n",
       "      <td>8203.302551</td>\n",
       "      <td>9221.890312</td>\n",
       "    </tr>\n",
       "    <tr>\n",
       "      <th>h5542918</th>\n",
       "      <td>1968.640336</td>\n",
       "      <td>16847.349969</td>\n",
       "      <td>-8684.285836</td>\n",
       "      <td>4745.586164</td>\n",
       "      <td>12531.551305</td>\n",
       "      <td>10867.699546</td>\n",
       "      <td>5352.951808</td>\n",
       "      <td>8028.595610</td>\n",
       "      <td>27540.778324</td>\n",
       "      <td>5626.284885</td>\n",
       "      <td>16801.267716</td>\n",
       "    </tr>\n",
       "    <tr>\n",
       "      <th>h8487860</th>\n",
       "      <td>3787.984341</td>\n",
       "      <td>6883.382656</td>\n",
       "      <td>-2009.190510</td>\n",
       "      <td>5965.035214</td>\n",
       "      <td>5547.805481</td>\n",
       "      <td>8774.623510</td>\n",
       "      <td>7002.657954</td>\n",
       "      <td>8203.302551</td>\n",
       "      <td>5626.284885</td>\n",
       "      <td>7200.873796</td>\n",
       "      <td>6903.607076</td>\n",
       "    </tr>\n",
       "    <tr>\n",
       "      <th>h8971553</th>\n",
       "      <td>2457.141164</td>\n",
       "      <td>17789.712905</td>\n",
       "      <td>-7529.805195</td>\n",
       "      <td>5660.239183</td>\n",
       "      <td>13455.474538</td>\n",
       "      <td>13134.742557</td>\n",
       "      <td>6553.675429</td>\n",
       "      <td>9221.890312</td>\n",
       "      <td>16801.267716</td>\n",
       "      <td>6903.607076</td>\n",
       "      <td>18302.735506</td>\n",
       "    </tr>\n",
       "  </tbody>\n",
       "</table>\n",
       "</div>"
      ],
      "text/plain": [
       "             h11244806     h12090523      h12192145    h12845992  \\\n",
       "h11244806  5057.596068   3042.614034    5220.206670  3978.791071   \n",
       "h12090523  3042.614034  18317.612660   -4326.686980  5618.978720   \n",
       "h12192145  5220.206670  -4326.686980  739633.152741 -2208.945746   \n",
       "h12845992  3978.791071   5618.978720   -2208.945746  6235.580012   \n",
       "h13306150  2982.875886  13682.432090   -2202.694772  4539.205400   \n",
       "h13957361  2305.755290  11435.612581  -11429.279037  6826.755501   \n",
       "h18705419  4389.948645   6782.301107     119.705006  6305.753799   \n",
       "h19450775  3687.103195   8997.058380   -4098.499676  6572.609879   \n",
       "h5542918   1968.640336  16847.349969   -8684.285836  4745.586164   \n",
       "h8487860   3787.984341   6883.382656   -2009.190510  5965.035214   \n",
       "h8971553   2457.141164  17789.712905   -7529.805195  5660.239183   \n",
       "\n",
       "              h13306150     h13957361    h18705419     h19450775  \\\n",
       "h11244806   2982.875886   2305.755290  4389.948645   3687.103195   \n",
       "h12090523  13682.432090  11435.612581  6782.301107   8997.058380   \n",
       "h12192145  -2202.694772 -11429.279037   119.705006  -4098.499676   \n",
       "h12845992   4539.205400   6826.755501  6305.753799   6572.609879   \n",
       "h13306150  11952.527178   8948.579922  5554.804698   7239.828497   \n",
       "h13957361   8948.579922  18090.650796  7995.929330  11692.748348   \n",
       "h18705419   5554.804698   7995.929330  7338.642290   7965.358820   \n",
       "h19450775   7239.828497  11692.748348  7965.358820  10151.350927   \n",
       "h5542918   12531.551305  10867.699546  5352.951808   8028.595610   \n",
       "h8487860    5547.805481   8774.623510  7002.657954   8203.302551   \n",
       "h8971553   13455.474538  13134.742557  6553.675429   9221.890312   \n",
       "\n",
       "               h5542918     h8487860      h8971553  \n",
       "h11244806   1968.640336  3787.984341   2457.141164  \n",
       "h12090523  16847.349969  6883.382656  17789.712905  \n",
       "h12192145  -8684.285836 -2009.190510  -7529.805195  \n",
       "h12845992   4745.586164  5965.035214   5660.239183  \n",
       "h13306150  12531.551305  5547.805481  13455.474538  \n",
       "h13957361  10867.699546  8774.623510  13134.742557  \n",
       "h18705419   5352.951808  7002.657954   6553.675429  \n",
       "h19450775   8028.595610  8203.302551   9221.890312  \n",
       "h5542918   27540.778324  5626.284885  16801.267716  \n",
       "h8487860    5626.284885  7200.873796   6903.607076  \n",
       "h8971553   16801.267716  6903.607076  18302.735506  "
      ]
     },
     "execution_count": 8,
     "metadata": {},
     "output_type": "execute_result"
    }
   ],
   "source": [
    "transpose_df.cov()"
   ]
  },
  {
   "cell_type": "code",
   "execution_count": 9,
   "metadata": {},
   "outputs": [
    {
     "data": {
      "text/html": [
       "<div>\n",
       "<style scoped>\n",
       "    .dataframe tbody tr th:only-of-type {\n",
       "        vertical-align: middle;\n",
       "    }\n",
       "\n",
       "    .dataframe tbody tr th {\n",
       "        vertical-align: top;\n",
       "    }\n",
       "\n",
       "    .dataframe thead th {\n",
       "        text-align: right;\n",
       "    }\n",
       "</style>\n",
       "<table border=\"1\" class=\"dataframe\">\n",
       "  <thead>\n",
       "    <tr style=\"text-align: right;\">\n",
       "      <th></th>\n",
       "      <th>h11244806</th>\n",
       "      <th>h12090523</th>\n",
       "      <th>h12192145</th>\n",
       "      <th>h12845992</th>\n",
       "      <th>h13306150</th>\n",
       "      <th>h13957361</th>\n",
       "      <th>h18705419</th>\n",
       "      <th>h19450775</th>\n",
       "      <th>h5542918</th>\n",
       "      <th>h8487860</th>\n",
       "      <th>h8971553</th>\n",
       "    </tr>\n",
       "  </thead>\n",
       "  <tbody>\n",
       "    <tr>\n",
       "      <th>h11244806</th>\n",
       "      <td>1.000000</td>\n",
       "      <td>0.316112</td>\n",
       "      <td>0.085351</td>\n",
       "      <td>0.708501</td>\n",
       "      <td>0.383648</td>\n",
       "      <td>0.241054</td>\n",
       "      <td>0.720576</td>\n",
       "      <td>0.514578</td>\n",
       "      <td>0.166804</td>\n",
       "      <td>0.627688</td>\n",
       "      <td>0.255388</td>\n",
       "    </tr>\n",
       "    <tr>\n",
       "      <th>h12090523</th>\n",
       "      <td>0.316112</td>\n",
       "      <td>1.000000</td>\n",
       "      <td>-0.037172</td>\n",
       "      <td>0.525756</td>\n",
       "      <td>0.924696</td>\n",
       "      <td>0.628200</td>\n",
       "      <td>0.584972</td>\n",
       "      <td>0.659788</td>\n",
       "      <td>0.750083</td>\n",
       "      <td>0.599342</td>\n",
       "      <td>0.971575</td>\n",
       "    </tr>\n",
       "    <tr>\n",
       "      <th>h12192145</th>\n",
       "      <td>0.085351</td>\n",
       "      <td>-0.037172</td>\n",
       "      <td>1.000000</td>\n",
       "      <td>-0.032527</td>\n",
       "      <td>-0.023427</td>\n",
       "      <td>-0.098806</td>\n",
       "      <td>0.001625</td>\n",
       "      <td>-0.047299</td>\n",
       "      <td>-0.060847</td>\n",
       "      <td>-0.027531</td>\n",
       "      <td>-0.064717</td>\n",
       "    </tr>\n",
       "    <tr>\n",
       "      <th>h12845992</th>\n",
       "      <td>0.708501</td>\n",
       "      <td>0.525756</td>\n",
       "      <td>-0.032527</td>\n",
       "      <td>1.000000</td>\n",
       "      <td>0.525789</td>\n",
       "      <td>0.642760</td>\n",
       "      <td>0.932161</td>\n",
       "      <td>0.826109</td>\n",
       "      <td>0.362129</td>\n",
       "      <td>0.890189</td>\n",
       "      <td>0.529832</td>\n",
       "    </tr>\n",
       "    <tr>\n",
       "      <th>h13306150</th>\n",
       "      <td>0.383648</td>\n",
       "      <td>0.924696</td>\n",
       "      <td>-0.023427</td>\n",
       "      <td>0.525789</td>\n",
       "      <td>1.000000</td>\n",
       "      <td>0.608551</td>\n",
       "      <td>0.593104</td>\n",
       "      <td>0.657259</td>\n",
       "      <td>0.690696</td>\n",
       "      <td>0.597997</td>\n",
       "      <td>0.909727</td>\n",
       "    </tr>\n",
       "    <tr>\n",
       "      <th>h13957361</th>\n",
       "      <td>0.241054</td>\n",
       "      <td>0.628200</td>\n",
       "      <td>-0.098806</td>\n",
       "      <td>0.642760</td>\n",
       "      <td>0.608551</td>\n",
       "      <td>1.000000</td>\n",
       "      <td>0.693959</td>\n",
       "      <td>0.862835</td>\n",
       "      <td>0.486881</td>\n",
       "      <td>0.768792</td>\n",
       "      <td>0.721833</td>\n",
       "    </tr>\n",
       "    <tr>\n",
       "      <th>h18705419</th>\n",
       "      <td>0.720576</td>\n",
       "      <td>0.584972</td>\n",
       "      <td>0.001625</td>\n",
       "      <td>0.932161</td>\n",
       "      <td>0.593104</td>\n",
       "      <td>0.693959</td>\n",
       "      <td>1.000000</td>\n",
       "      <td>0.922859</td>\n",
       "      <td>0.376528</td>\n",
       "      <td>0.963302</td>\n",
       "      <td>0.565482</td>\n",
       "    </tr>\n",
       "    <tr>\n",
       "      <th>h19450775</th>\n",
       "      <td>0.514578</td>\n",
       "      <td>0.659788</td>\n",
       "      <td>-0.047299</td>\n",
       "      <td>0.826109</td>\n",
       "      <td>0.657259</td>\n",
       "      <td>0.862835</td>\n",
       "      <td>0.922859</td>\n",
       "      <td>1.000000</td>\n",
       "      <td>0.480164</td>\n",
       "      <td>0.959476</td>\n",
       "      <td>0.676550</td>\n",
       "    </tr>\n",
       "    <tr>\n",
       "      <th>h5542918</th>\n",
       "      <td>0.166804</td>\n",
       "      <td>0.750083</td>\n",
       "      <td>-0.060847</td>\n",
       "      <td>0.362129</td>\n",
       "      <td>0.690696</td>\n",
       "      <td>0.486881</td>\n",
       "      <td>0.376528</td>\n",
       "      <td>0.480164</td>\n",
       "      <td>1.000000</td>\n",
       "      <td>0.399522</td>\n",
       "      <td>0.748335</td>\n",
       "    </tr>\n",
       "    <tr>\n",
       "      <th>h8487860</th>\n",
       "      <td>0.627688</td>\n",
       "      <td>0.599342</td>\n",
       "      <td>-0.027531</td>\n",
       "      <td>0.890189</td>\n",
       "      <td>0.597997</td>\n",
       "      <td>0.768792</td>\n",
       "      <td>0.963302</td>\n",
       "      <td>0.959476</td>\n",
       "      <td>0.399522</td>\n",
       "      <td>1.000000</td>\n",
       "      <td>0.601347</td>\n",
       "    </tr>\n",
       "    <tr>\n",
       "      <th>h8971553</th>\n",
       "      <td>0.255388</td>\n",
       "      <td>0.971575</td>\n",
       "      <td>-0.064717</td>\n",
       "      <td>0.529832</td>\n",
       "      <td>0.909727</td>\n",
       "      <td>0.721833</td>\n",
       "      <td>0.565482</td>\n",
       "      <td>0.676550</td>\n",
       "      <td>0.748335</td>\n",
       "      <td>0.601347</td>\n",
       "      <td>1.000000</td>\n",
       "    </tr>\n",
       "  </tbody>\n",
       "</table>\n",
       "</div>"
      ],
      "text/plain": [
       "           h11244806  h12090523  h12192145  h12845992  h13306150  h13957361  \\\n",
       "h11244806   1.000000   0.316112   0.085351   0.708501   0.383648   0.241054   \n",
       "h12090523   0.316112   1.000000  -0.037172   0.525756   0.924696   0.628200   \n",
       "h12192145   0.085351  -0.037172   1.000000  -0.032527  -0.023427  -0.098806   \n",
       "h12845992   0.708501   0.525756  -0.032527   1.000000   0.525789   0.642760   \n",
       "h13306150   0.383648   0.924696  -0.023427   0.525789   1.000000   0.608551   \n",
       "h13957361   0.241054   0.628200  -0.098806   0.642760   0.608551   1.000000   \n",
       "h18705419   0.720576   0.584972   0.001625   0.932161   0.593104   0.693959   \n",
       "h19450775   0.514578   0.659788  -0.047299   0.826109   0.657259   0.862835   \n",
       "h5542918    0.166804   0.750083  -0.060847   0.362129   0.690696   0.486881   \n",
       "h8487860    0.627688   0.599342  -0.027531   0.890189   0.597997   0.768792   \n",
       "h8971553    0.255388   0.971575  -0.064717   0.529832   0.909727   0.721833   \n",
       "\n",
       "           h18705419  h19450775  h5542918  h8487860  h8971553  \n",
       "h11244806   0.720576   0.514578  0.166804  0.627688  0.255388  \n",
       "h12090523   0.584972   0.659788  0.750083  0.599342  0.971575  \n",
       "h12192145   0.001625  -0.047299 -0.060847 -0.027531 -0.064717  \n",
       "h12845992   0.932161   0.826109  0.362129  0.890189  0.529832  \n",
       "h13306150   0.593104   0.657259  0.690696  0.597997  0.909727  \n",
       "h13957361   0.693959   0.862835  0.486881  0.768792  0.721833  \n",
       "h18705419   1.000000   0.922859  0.376528  0.963302  0.565482  \n",
       "h19450775   0.922859   1.000000  0.480164  0.959476  0.676550  \n",
       "h5542918    0.376528   0.480164  1.000000  0.399522  0.748335  \n",
       "h8487860    0.963302   0.959476  0.399522  1.000000  0.601347  \n",
       "h8971553    0.565482   0.676550  0.748335  0.601347  1.000000  "
      ]
     },
     "execution_count": 9,
     "metadata": {},
     "output_type": "execute_result"
    }
   ],
   "source": [
    "transpose_df.corr()"
   ]
  },
  {
   "cell_type": "markdown",
   "metadata": {},
   "source": [
    "### Section 3 : Pairs trading\n",
    "\n",
    "__3.1__ **- Idea**\n",
    "\n",
    "[Bebbington, PA (2017)](https://discovery.ucl.ac.uk/id/eprint/1563501/) looks at pairs trading in horse racing markets. The following outlines their method for analysing this strategy. In 3.2, each step will be attempted.\n",
    "\n",
    "* The 'signals' are the best match or lay price available at a given timestamp.\n",
    "* Statsitical methods are used to analyse horses' pricing data for comparison, in particular to calcuate a hedge ratio and for stake weighting. In the paper, non-overlapping windows of data, for example, price observations 1-5, 6-10, 11-15, make up the time series, and then trades are made at the end of the window. This is used to simulate a method where the algorithm is reacting to live data. This example study movement throughout 30 price points and make bets in the remaining 30 periods.\n",
    "* A z-score transformation of the log of the decimal odds is used to standardise prices. This makes the relative directional movement in different prices comparable by accounting for their respective variances. \n",
    "* Pairs are discovered by analysing the sum of squared distances between two horses' prices throughout time. Those that move the least relative to each other are the best candidates for pairs.\n",
    "* Once pairs are identified, the 'spread' between their prices (on average, or at the end of each window) is compared to a minimum size requirement for a bet to be made, $\\phi$.\n",
    "* The 'hedging ratio' is found using an OLS regression of the price of one of the horses on the price of the other. Since the two prices are pairs but will have different variances and absolute values, their movement relative to eachother must be considered to make the strategy 'cost neutral'. It is also used to define the stake size. \n",
    "* The final observed spread indicates which on which horse a 'back-to-lay' hedge must be made (that which is expected to be backed in) and on which a 'lay-to-back' hedge must be made (that which is expected to drift). This spread is compared to an interval [?], likely a confidence interval of past spreads or simply the interval of observed spreads. If the spread is greater than usual or smaller than usual, the bets are placed. \n",
    "* In the paper it appears that both sides of the hedge bet are made at the same point in time."
   ]
  },
  {
   "cell_type": "markdown",
   "metadata": {},
   "source": [
    "__3.2__ **- Setup**\n",
    "\n",
    "**Data**\n",
    "\n",
    "The following example will be set up with a random race and will identify tradeable pairs (or that there are none). Three DataFrames are created: (1) the unchanged race sample DataFrame with one row per horse and data going along in columns, (2) a back prices DataFrame with one column per horse and prices going through time in rows, (3) the same for lay prices. This analysis looks at prices before the race begins.\n",
    "\n",
    "There are 60 price data points for each horse, finishing at the begining of the race.\n",
    "\n",
    "Variables:\n",
    "* $BP_{t}^{i}$ is back price for horse i at time t.\n",
    "* $LP_{t}^{i}$ is lay price for horse i at time t."
   ]
  },
  {
   "cell_type": "code",
   "execution_count": 116,
   "metadata": {},
   "outputs": [
    {
     "data": {
      "text/html": [
       "<div>\n",
       "<style scoped>\n",
       "    .dataframe tbody tr th:only-of-type {\n",
       "        vertical-align: middle;\n",
       "    }\n",
       "\n",
       "    .dataframe tbody tr th {\n",
       "        vertical-align: top;\n",
       "    }\n",
       "\n",
       "    .dataframe thead th {\n",
       "        text-align: right;\n",
       "    }\n",
       "</style>\n",
       "<table border=\"1\" class=\"dataframe\">\n",
       "  <thead>\n",
       "    <tr style=\"text-align: right;\">\n",
       "      <th></th>\n",
       "      <th>h12905345.0</th>\n",
       "      <th>h12925614.0</th>\n",
       "      <th>h18662255.0</th>\n",
       "      <th>h18976983.0</th>\n",
       "      <th>h23510430.0</th>\n",
       "      <th>h3324323.0</th>\n",
       "      <th>h665641.0</th>\n",
       "    </tr>\n",
       "  </thead>\n",
       "  <tbody>\n",
       "    <tr>\n",
       "      <th>0</th>\n",
       "      <td>4.55</td>\n",
       "      <td>7.49</td>\n",
       "      <td>7.40</td>\n",
       "      <td>10.0</td>\n",
       "      <td>3.51</td>\n",
       "      <td>18.50</td>\n",
       "      <td>11.49</td>\n",
       "    </tr>\n",
       "    <tr>\n",
       "      <th>1</th>\n",
       "      <td>4.50</td>\n",
       "      <td>7.52</td>\n",
       "      <td>7.40</td>\n",
       "      <td>10.0</td>\n",
       "      <td>3.48</td>\n",
       "      <td>18.58</td>\n",
       "      <td>11.50</td>\n",
       "    </tr>\n",
       "    <tr>\n",
       "      <th>2</th>\n",
       "      <td>4.53</td>\n",
       "      <td>7.42</td>\n",
       "      <td>7.40</td>\n",
       "      <td>10.0</td>\n",
